H 17.3291223666 10.3225092209 2.6653914824
He 17.2747841842 1.0094775173 6.5492706927
Li 20.1821343095 13.6041358515 5.0584246100
Be 7.9124164617 124.4139093316 3.3234206148
B 7.2236240414 235.6372997022 3.4430565538
C 11.6549044562 206.7253377018 3.5497334953
N 29.0092710418 52.4096191085 3.5976957960
O 18.3824268937 51.0489198161 3.8370658663
F 19.1064472800 33.9264841442 4.0261083237
Ne 23.6911449139 1.4166863553 6.7196512015
Na 37.4614775511 7.7706429791 4.4970890725
Mg 22.7468753706 36.4559142253 4.0173285272
Al 16.4480520310 77.3135242956 4.3931345399
Si 20.4126790510 88.3426512512 4.2999573802
P 21.4098929882 68.1546859582 4.3316575987
S 17.0826967279 84.2412628514 4.1797374334
Cl 38.5655659421 19.1313109530 4.3755764844
Ar 51.5240015483 0.7976299119 7.8245470473
K 73.2677656810 3.6100502563 6.5864031219
Ca 42.2362333409 17.6209220667 2.5104777498
Sc 24.6260109709 54.6387002222 3.3997028534
Ti 17.4502066959 112.7512866037 3.5321606932
V 13.4432724586 183.2500405865 3.7987805063
Cr 11.8842699141 160.5357726127 4.2466354497
Mn 11.6479753476 154.2714781410 1.9787655661
Fe 11.3439248908 183.6415920685 7.6939078725
Co 10.7912877276 226.6580784609 3.7375486574
Ni 10.8476456924 199.7905726766 4.9497979540
Cu 11.9979817571 139.1280212584 4.9264004541
Zn 15.1651699799 77.9905326352 4.6056540512
Ga 20.3488624599 48.7705369338 5.2713796221
Ge 23.9606788050 59.0505352761 4.7397728168
As 22.7274383850 69.8690581661 3.8641766039
Se 30.0710387351 47.5941812541 3.8207992716
Br 39.9006444216 22.7219752577 4.8595217527
Kr 65.3271981809 0.7420141992 9.1233419805
Rb 91.0419691852 2.8309766455 4.4823864513
Sr 54.5233708331 11.7207793437 3.1933641766
Y 32.7209804258 41.8453799370 3.2288308258
Zr 23.4416936608 96.3561183127 3.3054846383
Nb 18.1627539753 169.0384109307 3.7366103999
Mo 15.8346409170 259.2650718645 4.2321106936
Tc 14.4607247062 299.9910882754 4.5309864559
Ru 13.7695139577 314.1523648098 4.8663026225
Rh 14.0323688126 259.6690101269 5.1905974736
Pd 15.3258618012 169.0507149820 5.6218539965
Ag 17.8351330677 90.9424723008 5.8205841865
Cd 22.5766444094 47.1679459562 6.8191354158
In 27.6605243229 34.9221088333 5.2452738227
Sn 36.9848106593 35.5290434442 4.8861341384
Sb 31.8413935494 50.7944185718 4.5611691355
Te 35.0103806406 44.9855139548 4.7425260799
I 50.5428182963 18.6000298565 5.0607892190
Xe 86.2433878996 0.5611821561 8.0821658995
Cs 116.6599984899 1.9989007905 3.2108018562
Ba 63.0453519544 8.8354859301 2.3020409928
Lu 29.2485314737 46.8664401815 3.3277515909
Hf 22.5556633080 104.3553257112 3.3390123132
Ta 18.2597944055 187.7498565029 3.6115113042
W 16.1357457829 303.1533165789 4.2087803594
Re 14.9572990198 363.8090967578 4.4459131368
Os 14.2937727572 390.1241408015 4.7803039275
Ir 14.4940670671 347.3989094863 5.1133523622
Pt 15.6207275254 248.9381378820 5.4651600458
Au 17.9511405545 139.5424454365 5.9637651427
Hg 29.5552488003 6.9740390878 3.8587081385
Tl 31.4741213373 26.7796441132 5.4774201161
Pb 31.9369521999 39.9090248495 4.2553625779
Bi 36.7170609659 43.2915303381 4.5464407046
Po 37.5495965378 45.7765506609 4.9453258944
Rn 93.0921243586 0.5234233260 14.7124778132
